1.723738
-1.532470
1.428678
-2.607620
0.437947
-1.605633
2.572712
-1.365063
4.091130
-0.999256
1.257110
-1.345415
1.766641
-1.708578
3.311213
-0.562149
2.761516
-1.477842
1.453747
-0.896737
2.590189
-4.370783
4.038066
-2.879303
14.025383
-1.462238
6.557384
-0.908121
3.630110
-3.347206
1.542082
-1.293648
3.146944
-1.731881
0.432837
-2.380181
1.731855
-1.043803
-0.188153
-0.648810
3.591030
-1.919974
-0.083278
-0.712115
1.979541
-1.400766
1.659172
-0.567980
6.200724
-2.716806
5.384236
-0.976169
1.765231
-1.002880
4.583028
-3.844523
6.172644
-2.992999
1.792219
-2.306548
1.150426
-1.527615
0.692464
-3.291128
0.577520
-1.308547
1.010094
-3.518867
0.615296
-1.189098
1.471969
-1.906121
0.830449
-2.369961
5.648902
0.555000
3.719026
-1.139451
4.178781
-1.560038
2.928655
-1.481596
0.091399
0.274501
2.585900
-1.099984
5.204969
-1.420641
-0.614126
-1.185869
3.946606
-2.548383
1.843262
-1.066185
3.114565
-2.244780
6.169919
-1.637588
6.322663
-1.743646
4.076389
-4.026209
12.026015
-2.144884
2.964366
-1.836652
-0.182119
-3.358261
0.583330
-3.392146
-0.244525
-1.631862
1.618746
-0.717581
0.842642
-1.908826
-0.321111
-1.672199
1.445372
-2.379417
1.159024
-2.568141
4.248501
-1.722336
2.270754
-2.619341
2.673290
-3.930859
2.759431
-4.269163
3.467823
-1.597572
7.117859
-2.895483
2.157821
-0.579786
3.405121
-1.431041
7.702662
-2.555941
2.893682
-1.920033
2.664150
-1.430331
4.563380
-1.290017
3.843189
-1.610758
1.423727
-3.819845
1.865453
-1.818073
0.569245
-2.104242
-0.005701
-1.356362
2.457697
-1.218945
-0.928547
-0.480938
0.742451
-2.102570
0.279424
-1.062781
0.776602
1.359546
1.635481
-1.398337
4.742848
-2.168150
4.631525
-1.025472
-0.165432
-1.635351
4.341499
-2.927012
-0.779617
-1.896390
0.047514
-0.573144
1.030235
-0.581272
-0.230235
-1.616475
-1.237025
-0.835708
-0.602064
-3.893497
1.026157
-0.462592
-0.579108
-0.813869
0.847260
-1.899141
-1.641814
-5.837453
-0.232649
-2.188660
-0.045264
-1.905053
0.332730
-2.437808
-0.001289
-2.310266
-0.006819
-3.169516
0.749536
-3.351438
1.239422
-0.354898
1.316396
-0.953980
2.731728
-0.742880
-0.310636
-3.137320
1.399593
-1.408907
2.017503
-0.668632
1.242019
-0.385229
1.849332
-1.731142
3.418038
-3.531583
1.104720
-0.862748
2.397529
-4.456695
2.447007
-2.298398
5.837819
-2.256812
3.479152
-2.001592
-0.304777
-2.117608
2.020765
-1.242680
1.101630
-1.060981
4.558125
-0.967321
1.577337
-3.792597
1.021429
-3.971978
1.013324
-1.485221
1.270037
-1.746698
0.137817
-1.526185
-0.326232
-1.899615
1.597993
-0.103213
1.216324
-0.931393
-0.103704
-0.331630
-0.472051
-1.600691
6.499299
-0.844072
4.424817
-0.356501
0.311076
-1.008909
-0.144785
-0.607061
-0.265246
-1.822384
1.346686
-3.112278
3.952878
-2.732075
0.389141
-2.083301
2.830678
-2.624593
4.691673
-0.362610
2.488126
-2.192061
1.006537
-3.055701
5.777871
-2.386392
0.989390
-0.276256
13.628337
-3.222245
-0.300348
-1.018058
-0.686520
-2.223826
0.189986
-3.299397
-0.098867
-3.317193
-0.473441
-0.537169
0.147477
-0.031859
0.012693
-3.659581
2.358490
-1.083838
10.554740
-1.857065
7.261277
-1.861006
1.757192
-1.419894
5.267886
-3.626606
3.039672
-0.575209
1.223832
-1.619598
5.401366
-1.056144
1.473890
-3.484664
8.188600
-9.316083
1.732465
-0.096729
0.849919
-2.270178
0.860176
-1.355344
0.253538
-2.430185
4.822807
-2.676888
2.070433
-2.109133
1.043373
-1.800837
0.253538
-3.855956
3.414245
-3.817423
2.503163
-1.512664
-0.125810
-2.687507
5.463360
-1.567325
4.337856
-1.310941
1.695394
-0.786334
3.368675
-1.449516
2.983197
-4.287015
2.206933
-0.953971
0.838374
-1.087547
0.417758
-1.834611
-0.256344
-0.813036
-0.333975
-1.603978
5.843852
-2.451486
1.410482
-0.357166
4.691289
-1.693613
0.780290
-1.898910
2.179174
0.350198
2.669365
-1.550537
0.804101
-2.439092
2.365389
-2.135128
2.948562
-2.183487
0.461138
-2.581680
2.321588
-1.608189
2.950530
-2.081618
2.516458
-0.985188
-0.121744
-1.538484
-0.807447
-1.787953
-0.082630
-3.926858
0.821468
-0.712696
6.607018
-0.830651
3.762853
-1.066306
0.411956
-0.192698
5.684802
-0.600509
2.651059
-0.228580
6.608080
-0.155215
3.401440
-0.497567
2.124620
-0.855607
3.570122
-0.154386
2.408420
0.106324
2.537054
-0.313081
-0.123839
-0.383236
4.915177
-0.260754
0.569627
-0.170371
0.506891
-0.586076
-0.569306
2.980367
-0.160387
-0.977651
2.210536
-0.925974
0.263254
1.025943
2.167147
-1.723931
1.647478
-3.214902
0.411318
0.103076
4.219044
-0.810424
4.579571
-0.442814
4.509242
-0.451637
0.859376
-1.334289
5.344713
-0.633598
4.966075
0.547151
0.971471
-0.238318
2.522677
0.790376
2.030928
-0.256944
4.422690
-0.541632
1.839418
-0.413660
5.176090
-3.706578
0.919543
-0.601941
2.485807
-0.443216
5.725606
-0.300683
1.080024
-1.531024
1.498210
-0.871707
0.920786
0.172218
0.741471
-2.226199
1.648145
0.409407
2.285718
-0.332897
3.968712
-0.120799
3.800659
-0.408389
2.020021
-1.278315
1.048118
-1.086054
2.419633
-1.488335
4.616117
-0.029727
1.387316
-1.554293
2.319025
-0.286348
0.597955
-1.034003
2.669444
-0.200576
1.696486
-1.190225
1.323964
-0.964833
1.443586
-0.179097
-0.191202
-0.419034
5.041931
-0.303061
1.324007
-0.170978
4.545868
-0.510868
2.188096
-0.995811
5.046327
-0.390435
6.109798
-0.171364
5.877898
-0.540586
4.419967
-2.485782
8.060921
-3.751400
1.543000
-0.282919
2.678206
-0.697168
3.093542
-1.625047
0.741625
-0.247983
1.639416
0.062946
0.779636
-0.087978
0.800669
-0.812010
3.666897
-0.158211
4.063099
-1.579403
4.632571
-1.819126
2.325857
-1.993650
-0.137248
-1.575421
3.643513
-1.462153
1.861089
-1.513452
5.283859
-0.928528
3.151369
-0.985188
1.395318
-0.984915
0.019338
-3.973829
0.905196
-1.684608
3.179348
-3.552027
1.748722
-1.561962
0.815517
-1.632713
8.505788
0.369288
1.279640
-2.643424
6.631689
-1.245706
3.023635
-7.426859
2.498808
-1.066532
4.049796
-1.675615
2.928738
-3.843772
1.309346
-0.409589
2.442450
0.046878
14.695992
-0.857625
2.578019
-1.867786
3.700997
-0.977889
2.052029
-2.551615
0.172048
-2.851713
1.202209
-5.180700
-0.162433
-1.369960
1.274500
0.094242
0.206868
-1.198574
0.007216
-1.891460
2.750909
-1.078321
2.609569
-0.699215
3.430454
-1.356164
1.283299
-1.351542
0.985719
-2.005507
7.086209
-4.319951
5.783038
-1.591072
3.092323
-0.769971
2.974163
0.327286
2.212041
-0.542718
3.202620
-2.283585
5.055867
-2.477926
1.096068
-1.703484
3.627007
-1.850472
0.809837
-2.668079
3.299011
-1.211869
4.622032
-2.886456
0.173633
-2.225533
2.218890
-1.083872
18.689650
-0.667227
0.534896
-4.714123
5.572132
-2.107786
0.383086
-2.700777
2.387030
-0.850944
0.305453
-1.937155
0.848265
-2.311336
3.686628
-1.301507
1.525018
-0.636898
5.077191
-1.305669
0.503240
-0.939162
1.799343
-0.703342
3.846733
-2.273697
7.851034
-1.697676
8.692841
-3.973424
4.858506
-1.796358
2.432500
-2.433836
1.745166
-1.859416
6.618653
-1.712288
1.368230
-2.384089
2.808943
-1.043296
3.022926
-0.251444
1.279640
-2.413409
8.699465
-0.772597
5.417408
-0.222973
2.544664
-3.104915
7.087631
-2.930733
4.830149
-0.835190
2.160498
-1.693318
3.772687
-2.875902
2.290528
-2.890328
0.756101
-3.800364
0.619259
-0.807786
2.380901
-2.433510
3.326020
-0.610233
4.261508
-1.866419
2.819659
-6.028752
3.849384
-1.834815
3.069470
-1.080811
3.858907
-2.484741
2.068238
-5.121510
1.308964
-4.557281
3.208874
-0.037209
2.259151
-1.245813
6.334292
-1.751806
2.991877
-2.108708
3.984170
-1.392266
1.958889
-1.180758
4.534035
-1.400830
2.113181
-2.283239
3.946130
-3.893091
1.431470
-0.568927
1.608880
-3.370794
5.042122
-0.843841
2.531693
-1.621279
3.569082
-2.497303
1.335542
-1.087335
4.054118
-4.193583
3.825916
-2.095238
3.948277
-2.888165
5.352265
-1.067406
0.152970
-0.559084
0.859376
-1.124797
0.638123
-0.572309
3.232239
-4.984229
3.843190
0.069989
2.553740
0.374021
0.726480
-2.755347
2.016877
-2.616767
2.605155
-2.258809
2.030003
-1.692944
3.514581
-1.915581
1.221296
-1.089102
1.165465
-0.394768
1.969654
-2.441565
6.119850
-1.019355
1.134281
-0.343685
3.566743
-0.324446
0.801789
-1.090423
7.006275
-3.881360
0.244776
-0.374541
7.072207
-2.296205
3.338619
-1.903669
2.274731
-0.691957
3.086190
-3.580346
2.778622
-3.703984
7.481213
-2.216960
8.317229
-1.356013
5.992135
-3.605947
2.199269
-2.257038
4.975011
-1.882247
2.409902
-1.180521
5.292413
-1.172710
3.788053
-1.594971
7.079266
-0.814241
5.015755
-2.266458
3.643686
-1.303447
-0.364905
-1.426390
5.527946
-1.786282
0.031682
-1.861445
9.459194
-1.064676
8.626538
-1.429807
1.099146
-0.836735
3.749324
1.157188
4.836072
0.249551
2.074385
-1.427060
2.299259
-1.217856
4.673994
-2.398323
2.020266
-2.848045
1.493620
-1.211499
4.377214
-4.241346
3.274538
-1.679595
9.761540
-2.254324
2.191719
-1.973516
1.929576
-0.853175
3.066318
-1.251806
2.946450
-1.465108
4.607111
-1.638800
5.151862
-5.202347
6.511680
-1.705293
4.776412
-1.383312
2.997984
-1.758025
8.178687
-1.577673
6.776935
-0.921219
4.300766
-0.705279
0.039712
-3.963311
-0.024240
-0.788541
2.558278
-2.560391
-0.411781
-1.905406
0.221680
-0.815588
-0.764092
-1.329200
5.781444
-3.679382
7.544805
-1.502322
2.453035
-1.270438
3.570168
-1.003648
2.940045
-0.164965
2.599509
-0.690627
