1.596730
-2.557276
0.684561
-3.713921
-0.844415
-2.630622
3.170245
-2.081809
6.725066
-2.312560
2.650841
-1.992112
4.118953
-2.884958
5.100965
-0.942642
5.152731
-2.225825
3.154577
-1.735770
3.634843
-5.759706
5.535130
-3.142371
18.151169
-2.546298
8.070580
-1.877009
5.954431
-5.300787
3.000884
-2.493032
4.587008
-2.665777
1.868134
-4.667369
2.383678
-1.010646
-0.274987
-0.962688
5.944934
-1.941635
0.096913
-1.564357
3.387065
-1.470980
2.617555
-0.760832
7.818331
-3.921184
7.790526
-2.212148
1.994400
-1.520125
6.886861
-5.979802
9.218961
-4.021515
3.587953
-3.050105
2.331977
-1.519838
1.630297
-5.556880
1.719560
-0.599052
1.799334
-5.863253
1.497093
-1.633938
1.546323
-1.249873
1.694075
-3.324715
7.827049
0.167443
5.879841
-1.611113
6.363856
-2.514223
3.806798
-3.047218
-0.051464
0.359696
3.320657
-1.244391
8.179857
-2.364878
0.006710
-2.136105
5.837847
-4.744868
2.579408
-2.383933
5.870704
-3.812326
8.884171
-2.582400
10.128574
-2.611912
6.118964
-4.452998
19.234114
-3.808703
5.456928
-3.844675
-0.798202
-6.787938
1.622315
-2.654522
-1.224859
-2.508248
2.146587
-1.222872
1.537688
-2.672822
-0.370224
-2.750415
2.404830
-4.627986
2.291015
-4.436181
8.036869
-3.386211
3.487006
-2.928015
4.826378
-5.999530
3.555155
-6.909617
6.028629
-2.919082
9.331338
-3.187772
3.845594
-1.054576
3.465832
-2.751895
11.764954
-3.852602
5.919075
-3.067539
4.218716
-2.070454
5.459620
-1.313938
4.976116
-2.061691
2.849149
-5.681142
3.580306
-2.014220
1.410300
-3.042430
0.495970
-3.370441
3.278564
-1.569753
-0.973680
-0.861668
2.087108
-3.865537
2.065147
-1.818545
3.027511
2.044017
3.671213
-1.987888
6.079644
-2.501636
5.775033
-1.606700
0.849005
-2.066697
6.371342
-5.164897
-1.160803
-3.677338
-0.530782
-0.817207
3.309468
-1.189701
0.220828
-2.051801
-1.205551
-1.560008
-1.112855
-6.401592
1.862390
-1.109336
-0.672958
-1.349576
2.110022
-3.542731
-2.418776
-9.233127
0.980537
-3.016084
0.338523
-2.041402
0.505406
-4.596087
0.655751
-3.284464
0.561653
-6.531420
1.268592
-5.289219
1.752275
-0.539157
2.356043
-1.675145
3.603691
-1.213750
0.021153
-4.761426
2.428865
-2.110056
1.862700
-1.330818
2.232127
-0.306035
4.137772
-2.466443
4.631977
-6.847875
2.509816
-0.915946
5.420133
-5.681577
3.175920
-2.396936
9.858822
-4.348180
4.099532
-1.843580
-0.823335
-3.665831
3.888999
-1.424603
1.948316
-1.583717
4.282271
-1.519429
2.278484
-5.504651
2.901572
-4.893157
1.725174
-3.501684
2.345320
-2.387805
0.800022
-2.305335
-0.755401
-1.897794
4.618037
-0.634509
2.624265
-1.634636
-0.610889
-0.324557
-0.429642
-2.390449
8.212457
-1.517624
6.302242
-0.683184
0.419636
-1.716538
1.036464
-0.650781
-0.065425
-2.332270
3.581188
-3.438836
5.828716
-2.420013
1.093074
-2.894890
4.435491
-4.320107
6.885110
0.431430
2.187977
-4.917668
3.346808
-4.800326
6.337845
-4.025530
2.975561
-0.777293
21.178988
-4.866067
-1.337925
-1.145209
-0.850126
-2.802573
1.139986
-4.317832
1.621164
-5.684104
0.255017
-0.906931
0.816058
0.093154
-0.131461
-4.621244
3.764153
-1.230437
12.016288
-3.326372
9.448364
-2.717058
2.231920
-1.858333
8.904781
-4.930165
3.919644
-1.328161
1.536321
-2.843849
7.945540
-1.731562
1.481593
-4.543439
10.084900
-11.910934
3.001012
-0.279462
0.922479
-2.748491
1.159121
-1.835991
0.357407
-2.652647
6.943365
-4.133005
3.332499
-2.364443
1.304218
-3.405512
0.357407
-5.719773
6.497657
-3.333201
3.005085
-2.576997
0.232954
-4.585949
7.463951
-2.125617
4.791542
-2.441841
3.007386
-1.364943
4.375544
-2.400173
3.673436
-4.365622
2.576952
-1.389752
0.624214
-1.184766
0.646386
-3.539285
-0.138120
-1.333031
0.620491
-2.722359
7.812797
-3.463417
1.427602
-0.365567
5.904420
-2.456003
2.380834
-3.299279
3.841775
0.319701
4.050578
-2.709972
0.952749
-3.072444
4.027211
-3.499487
3.628927
-3.123776
0.574767
-3.118510
3.761786
-2.747225
4.672727
-5.093942
3.749721
-1.542343
0.027872
-2.502491
-1.512642
-3.236718
0.036962
-5.129241
1.883359
-0.973837
8.688362
-1.427912
4.867626
-2.200898
0.832522
-0.587523
7.160553
-0.308329
3.833877
-0.851709
9.023993
-0.141468
4.745987
-0.589462
4.654127
-2.443854
4.530778
-0.402277
5.750716
0.136455
3.165347
-0.597955
0.895726
-0.109886
7.483969
-1.155968
1.294701
0.276958
1.741332
-1.272734
-0.986759
4.785166
2.259865
-0.529812
3.381379
-1.768692
0.851530
-0.048943
5.439207
-2.270162
2.793666
-6.390768
1.857912
-1.189785
3.855130
-1.338373
6.484412
-0.522210
6.537204
-0.726629
1.104687
-1.861545
6.924426
-2.113906
7.101003
0.501842
1.792888
0.289950
4.505114
0.897538
2.962633
-0.504295
5.166461
-1.331987
2.856174
-1.421847
5.540296
-2.647175
3.192305
-0.961979
4.645750
-0.165564
8.203270
-0.162134
2.176574
-0.919108
2.474618
-1.916188
0.757224
0.028807
0.650811
-1.705846
2.761849
-0.073901
3.314576
-0.374998
7.685752
-0.462116
5.333716
-0.613068
3.006781
-2.424952
1.746770
-1.621407
5.156431
-0.938938
7.376147
0.119614
3.212588
-2.429046
3.817579
-1.049015
1.421039
-1.431020
4.643130
-0.764278
3.056587
-2.319845
2.417791
-1.856897
2.558087
-0.162823
0.804729
-0.062348
8.312531
-1.371997
3.037535
-0.221286
8.728195
-0.348601
3.697945
-0.525912
7.740388
-0.822413
10.150711
-0.394086
9.795511
-0.329135
4.709558
-3.246866
8.592382
-5.281256
3.041131
0.143842
4.337670
-1.080678
4.867393
-2.496676
1.520208
-0.556237
3.041131
0.758594
1.637888
-0.496156
2.208007
-1.187236
7.328417
-1.506110
5.871902
-1.844877
6.506514
-4.118836
3.497217
-1.446013
-0.454687
-2.795949
5.006119
-2.498758
2.697876
-2.572885
6.539994
-1.934442
4.291910
-1.542343
3.300842
-1.958308
0.370656
-6.474942
1.441279
-3.228395
5.473655
-4.640598
1.819194
-4.180026
1.456868
-2.232123
10.175705
-0.153339
1.981956
-3.190938
10.479440
-1.660980
2.989125
-9.124408
3.456992
-1.125385
5.638410
-2.067835
3.817654
-6.675565
2.617386
-0.546574
4.079795
0.096752
21.460333
-1.604341
2.132582
-2.587760
4.209828
-1.568036
3.741009
-3.667388
0.253145
-2.290035
1.465787
-8.394472
-0.077569
-2.077935
2.534897
0.917761
0.816647
-1.674859
0.801472
-3.396756
2.833322
-1.148734
2.590002
-0.756697
5.839488
-2.746922
3.995369
-2.608731
1.758470
-4.144108
7.631405
-6.585520
8.482767
-3.012039
4.942622
-1.368157
3.371668
0.795803
3.429458
-1.097926
4.289783
-3.482118
6.887305
-4.628022
1.925409
-2.285889
5.563684
-3.775478
1.257995
-3.820485
4.626868
-2.599172
6.384342
-4.725010
0.954167
-3.471593
3.326286
-1.702829
27.457033
-1.124148
2.114959
-7.307791
8.147088
-2.982390
1.066281
-3.870958
2.948544
-1.211871
0.966245
-2.947217
1.046660
-3.496029
4.495853
-1.659647
1.234280
-1.715983
4.834616
-1.301870
1.455013
-1.215398
2.443163
-1.579392
4.651797
-3.914836
10.300564
-2.832694
11.946480
-4.164379
4.682159
-2.463922
2.330346
-3.471152
2.785059
-2.963906
8.021784
-2.851773
2.860031
-3.465180
4.081861
-1.704111
3.662476
0.146442
1.981956
-5.701530
9.984963
-0.771026
6.151599
-0.338515
3.200290
-5.027046
9.747152
-4.568809
5.921192
-1.894226
3.675200
-2.500724
6.038439
-4.218950
2.915698
-3.576405
0.644176
-6.718426
1.349734
-1.265692
2.897727
-3.155346
5.274085
-0.924758
7.700016
-2.654709
4.017370
-8.411259
5.977018
-3.888555
4.445882
-2.335914
3.506729
-4.153069
4.520103
-7.849139
2.396193
-5.738160
6.383920
-0.403985
3.569623
-2.155793
7.993930
-1.993579
4.186093
-2.406811
5.414329
-2.129380
3.166602
-2.191476
5.991362
-1.855611
3.135431
-3.511413
5.238745
-4.363441
3.094877
-0.788725
2.585470
-4.985311
6.132990
-1.463091
4.696673
-3.040262
4.809858
-2.973413
2.244452
-2.120358
7.232631
-5.335323
4.642470
-2.536186
4.774721
-3.831087
7.654808
-2.435052
0.469148
-0.412168
1.104687
-1.480006
2.505989
-1.127787
4.937177
-9.462407
6.177634
0.436791
4.595857
0.590290
2.281820
-4.619619
5.841744
-3.871132
2.013550
-2.600325
4.153874
-2.676657
5.333560
-3.327006
2.681650
-1.925307
1.683565
-0.196023
2.991383
-3.812226
6.862890
-2.008089
1.078523
-0.816953
4.390828
-0.409329
1.385451
-1.661935
8.815842
-5.681951
0.815111
-0.653268
8.124276
-4.082111
5.313733
-3.536919
2.977736
-1.734997
4.244763
-5.072670
3.905043
-4.340338
8.975614
-2.698199
10.128196
-3.077737
6.079082
-4.061566
2.848151
-2.873762
7.299078
-2.560849
3.369540
-1.349087
8.371193
-1.643776
3.727377
-1.776179
8.547502
-1.393974
6.639466
-3.670002
4.553578
-1.759467
0.569976
-2.121804
8.484359
-2.188444
1.030790
-2.938718
11.857165
-2.511602
14.196094
-3.054426
2.055125
-0.364621
6.291741
1.977332
7.153224
-0.428639
4.323607
-2.054888
5.306746
-2.622370
7.424242
-3.770874
3.960035
-4.432308
3.596451
-1.956788
6.361732
-5.176698
5.450008
-2.454596
13.020371
-4.083669
3.683536
-2.876721
2.428564
-1.165982
4.837306
-1.262975
5.122008
-2.106827
8.412930
-1.420482
7.322667
-7.366876
9.652015
-2.847592
3.991715
-2.542035
5.265625
-2.576206
11.438812
-2.968525
9.503036
-2.301197
5.337587
-0.997940
-0.080842
-6.412510
0.858077
-1.293704
3.843410
-4.651958
-0.702535
-3.395803
-0.307846
-1.166477
-1.083069
-2.515841
8.100469
-5.670457
10.388024
-2.055601
2.974514
-2.563657
3.438721
-2.028282
4.287683
-0.292483
2.877620
-1.642231
