1.615299
-2.874750
1.403388
-3.263524
0.563520
-2.326727
3.970569
-1.810138
5.221957
-1.895423
2.577897
-1.593679
2.858383
-2.425687
4.650030
-0.795121
3.947540
-2.181137
2.038083
-1.210853
3.547872
-5.943481
5.435567
-3.699769
17.099337
-2.147919
7.771360
-1.293793
5.117165
-5.359094
2.287624
-1.791846
3.904753
-2.164018
1.435443
-3.771427
2.083534
-1.310501
-0.189658
-1.035584
5.196561
-2.036355
0.191126
-1.394267
2.374826
-1.601456
2.675501
-0.685144
8.276307
-3.364913
7.180456
-1.511483
1.672661
-1.343058
5.682428
-5.410238
8.125713
-3.799491
2.447111
-3.237059
1.774312
-1.485379
1.516697
-4.347202
1.241039
-0.886116
1.700441
-5.371824
1.346583
-1.323614
1.704052
-3.061829
1.399577
-3.084990
7.799716
0.139328
5.327181
-1.316755
5.377815
-2.295986
3.741035
-3.045440
0.025692
0.244769
3.163232
-1.108016
6.663894
-1.956361
-0.054622
-1.815990
5.470324
-3.953087
2.843656
-1.912504
4.822969
-3.681110
7.570879
-2.708777
8.415884
-2.536580
5.963691
-5.180456
16.925066
-2.947304
4.786687
-2.864469
-0.330206
-6.100644
1.351483
-4.096667
-0.669682
-2.542638
2.963246
-1.066478
1.325019
-2.475474
-0.117279
-2.437700
2.180246
-3.566535
1.768524
-3.820599
6.823341
-3.373108
3.393759
-2.472436
4.122101
-5.449779
3.200192
-6.619868
5.220693
-2.372449
8.573378
-4.155165
3.082891
-0.614505
3.918097
-2.170439
9.666987
-3.344897
4.953684
-2.306899
3.359451
-1.699752
5.263599
-1.279577
5.141268
-2.302954
1.885894
-5.131878
2.696330
-2.318227
1.118333
-2.757190
0.374874
-2.345922
2.712441
-1.294790
-1.147984
-0.738648
1.504042
-3.779891
1.341228
-1.542937
2.110775
2.557166
2.746175
-2.215839
5.712862
-2.813773
5.592314
-1.179544
0.068290
-1.905384
5.914511
-4.103802
-1.133301
-2.764736
-0.479513
-0.680177
2.127898
-1.048200
-0.327049
-2.062236
-1.280467
-1.229714
-0.704784
-5.550562
1.038813
-0.566541
-0.709413
-1.086527
1.783766
-2.985731
-2.401089
-9.095509
0.352592
-3.533928
0.093344
-2.085282
0.554848
-4.077240
0.081407
-3.604026
0.253492
-5.126931
0.643072
-4.830984
1.895101
-1.061898
1.829306
-1.295874
3.335923
-0.960731
-0.282654
-3.726593
1.941707
-2.209526
2.496524
-1.067323
2.013833
-0.605836
2.524652
-2.481762
4.493095
-5.600570
2.236579
-1.393480
4.159808
-5.497380
2.799937
-2.575826
8.313370
-3.403993
3.654202
-2.419850
-0.842260
-3.265536
3.101419
-1.411966
1.361020
-1.467682
5.197601
-1.331071
1.911202
-5.065826
1.917324
-4.994631
1.706888
-2.802953
1.775788
-3.072971
0.272581
-1.827776
-0.435287
-2.104031
3.179911
-0.608561
1.598150
-1.149402
-0.370145
-0.417485
-0.411450
-2.132703
8.891000
-1.123102
6.121239
-0.501460
0.796432
-1.622896
1.251606
-0.662449
-0.365394
-2.346341
2.935384
-4.012197
5.484569
-3.398915
0.968883
-3.377719
4.232016
-3.659728
6.767025
0.232830
3.006994
-3.251990
2.494786
-4.418523
6.753492
-3.083803
2.703408
-0.441415
19.241356
-4.327095
-0.272842
-1.178230
-0.621164
-2.184369
0.486455
-4.790391
1.015465
-4.702941
0.026910
-0.981086
0.201822
-0.174406
0.001078
-4.459853
4.019377
-1.949027
12.523090
-2.374379
9.316607
-2.282415
2.106335
-2.121855
7.554519
-4.732585
3.872406
-1.137299
1.403833
-2.630466
7.128567
-1.303308
1.894101
-4.151812
10.613378
-11.967444
2.633533
-0.404148
1.245297
-3.126449
1.209505
-1.712850
0.556033
-3.142911
6.191095
-3.798352
2.870943
-2.316533
1.345197
-2.787254
0.556033
-5.121502
5.693065
-4.927597
3.254897
-2.297710
0.161159
-3.457301
7.314166
-1.975036
5.381212
-1.577964
2.739010
-0.848251
4.315660
-1.999639
4.423428
-4.896191
1.965976
-1.740503
0.947984
-1.460460
0.760786
-2.755424
-0.230696
-1.105268
0.477491
-2.365633
7.407750
-3.126527
1.656665
-0.926707
6.159997
-2.429139
1.397996
-3.001616
2.759688
0.295402
3.457940
-2.353878
1.194433
-2.874313
3.651325
-3.137078
3.535690
-2.987287
0.609168
-2.956978
2.981929
-2.327715
4.170346
-3.539153
3.167296
-1.335336
0.047317
-1.956097
-1.104681
-2.327487
0.048574
-5.539975
1.943140
-0.815499
8.210935
-1.596501
4.833412
-1.528096
0.810296
-0.606084
7.462719
-0.268360
3.408892
-0.652694
8.071888
-0.295810
4.677261
-0.555887
3.383649
-1.592497
5.056969
-0.366211
4.254067
0.008927
4.009531
-0.434520
0.540507
-0.506655
7.157434
-1.065311
1.108826
-0.133890
0.964260
-1.295804
-0.601032
3.747090
0.571232
-0.936312
2.709900
-1.450646
1.072627
0.832043
3.690063
-2.303806
2.340759
-4.632454
1.266804
-0.535186
4.690381
-1.338260
6.169806
-0.498054
6.570276
-1.291540
1.235142
-2.215457
6.328203
-1.540113
6.654935
0.375024
1.524660
-0.120110
3.859208
1.109785
3.099417
-0.578745
5.706272
-0.955154
2.546995
-0.942152
5.795997
-3.829166
2.027080
-0.804043
4.596205
-0.117897
7.910483
-0.328512
2.296087
-1.791885
3.047758
-1.606749
1.400885
0.213838
1.156504
-2.903075
2.822869
0.245260
3.514337
-0.246161
6.346589
-0.445070
4.704349
-0.576275
2.712110
-1.818916
1.446822
-1.199984
4.108558
-0.992301
7.018797
-0.053604
2.716604
-2.030142
2.967722
-0.733222
1.265394
-1.389085
3.542298
-0.440835
2.551521
-2.122564
2.298210
-1.591064
2.111068
-0.323853
0.541059
-0.252953
7.336124
-0.917616
1.912144
-0.282355
7.289443
-0.613401
3.295929
-1.071156
7.208469
-0.449326
9.183111
-0.299335
8.722591
-0.312545
5.577063
-3.067054
9.976418
-5.484709
2.179375
0.217726
3.637415
-1.238601
4.877090
-2.612448
1.101266
-0.001119
2.234566
0.014915
1.370747
-0.322585
1.503002
-1.327105
5.522116
-1.171521
5.177042
-2.240747
6.063907
-3.244874
3.827464
-1.713264
-0.251262
-2.297417
5.234175
-2.282681
2.121520
-2.069508
6.850510
-1.158999
3.844971
-1.335336
2.281838
-1.634747
0.392638
-5.534009
1.680907
-3.270651
5.187976
-4.229689
2.265293
-3.528076
1.082923
-2.352745
11.062438
-0.568463
2.306231
-3.479358
9.399127
-1.844638
4.061165
-9.957438
3.665495
-1.053319
5.075273
-2.443976
4.291179
-5.573064
2.397112
-0.443145
3.713212
0.184393
20.166382
-1.351134
2.933018
-2.125628
4.969973
-1.913590
2.330885
-3.483977
0.287460
-3.308959
1.636786
-7.620345
0.054033
-1.937407
1.909219
0.298599
0.485513
-1.775735
0.376354
-3.081679
3.040257
-1.104131
3.132871
-0.837947
4.931148
-2.111985
2.427960
-2.065068
1.090418
-3.811940
8.405690
-6.356926
7.807538
-2.429728
5.074461
-1.088217
4.005171
0.277100
2.737667
-0.832135
3.927901
-2.892140
6.394097
-3.961030
1.627013
-2.293495
4.838444
-2.726207
1.400267
-3.718296
4.441528
-1.841675
5.957230
-4.009085
0.452095
-2.929686
3.139772
-1.439148
24.707178
-0.848199
1.325068
-6.387326
7.609528
-3.045875
0.638429
-3.431643
2.745885
-1.069713
0.477377
-2.286233
1.088765
-3.444649
4.491432
-1.945296
2.093803
-1.352506
6.695035
-1.477280
1.409709
-1.103849
2.139915
-1.048394
5.207390
-3.667595
9.111748
-2.217345
12.050078
-5.015659
5.134914
-2.194424
2.885829
-3.225958
2.680307
-2.355262
8.025242
-2.011746
2.411660
-3.456936
3.567913
-1.427885
3.785380
0.045622
2.306231
-3.970626
10.287551
-0.938144
6.917247
-0.111680
3.189825
-4.210093
9.241642
-4.229492
5.415323
-1.756391
3.175421
-2.308906
5.311374
-3.949568
2.936207
-3.528781
0.656292
-4.758190
1.196250
-1.680780
2.969597
-2.701919
4.931575
-0.634308
6.014911
-2.105706
3.899570
-7.308373
5.167800
-2.934841
4.084012
-1.775184
3.968459
-3.286545
3.471980
-6.851443
2.316882
-5.878027
5.073770
-0.292458
3.028773
-1.501689
7.635236
-1.833351
4.246102
-2.324444
5.309980
-1.930415
2.858218
-1.859266
5.523134
-1.788969
3.327019
-2.983083
4.819051
-4.930187
2.536456
-0.641004
2.280125
-4.377867
5.442783
-1.235917
3.688899
-2.208508
4.315018
-3.327835
1.955191
-1.796908
5.888318
-5.568066
4.704174
-2.658260
4.771921
-3.881091
7.006670
-1.764423
0.454283
-0.551856
1.235142
-1.392712
1.363237
-1.030738
4.831975
-6.990801
5.800965
0.073096
4.135962
0.075818
1.335956
-4.049197
3.516735
-3.241821
3.084682
-2.633185
3.113120
-2.321533
5.053821
-2.805846
1.854742
-1.777848
1.639141
-0.345909
2.379399
-3.465292
7.544292
-1.671906
1.555224
-0.680489
4.291537
-0.579720
1.083808
-1.470105
9.048017
-5.000871
0.455927
-0.320027
8.172445
-3.519819
5.186092
-2.762040
2.920569
-1.368562
3.930954
-4.988367
3.893054
-4.808777
9.554461
-2.600984
10.263712
-2.614980
6.575546
-4.814907
2.596273
-3.175650
6.577613
-2.393925
3.098571
-1.601282
7.626388
-1.427273
4.081638
-1.665551
8.328659
-1.344594
5.846413
-3.115733
4.995876
-1.668635
-0.088232
-1.783765
7.535121
-2.248318
0.632662
-2.426819
11.474181
-1.799373
12.034346
-2.236183
1.507066
-0.737475
5.807814
1.839784
6.215959
-0.425390
3.873517
-2.265027
3.972347
-1.909891
6.692595
-3.160430
3.167945
-3.900679
2.618813
-1.623698
5.676726
-6.044612
4.941329
-1.901138
12.620302
-2.895284
3.165595
-2.437052
2.610194
-1.073082
4.294991
-1.494893
4.693593
-2.068346
6.696673
-1.866228
7.404397
-6.987049
9.577746
-2.418449
4.857646
-1.971912
4.910874
-2.176839
10.010255
-2.210200
9.428658
-1.763043
5.300556
-0.920789
0.171317
-5.472250
0.683897
-0.950955
3.699295
-3.525750
-0.466159
-2.961036
0.264462
-1.071223
-0.867306
-1.859232
7.985985
-5.038176
10.342097
-2.099638
2.826365
-2.079744
4.249837
-1.828863
3.894352
-0.462022
3.025589
-1.452480
